0
114.8
116.7
222.9
213
10.8
10.7
210.1
10.5
210.6
208.6
197.5
243.8
274.3
92.5
274.6
3.9
121.7
9.5
201.4
114.9
0
3.4
110.6
100.7
138.9
125.4
97.8
125
98.3
96.3
85.2
174.6
205.1
160.2
199.3
116.4
3.8
132.8
89
117
3.5
0
112.6
102.7
141
117.6
99.8
117.2
100.3
98.3
87.2
176.7
207.2
152.4
201.4
118.5
12.1
134.9
91
222.7
110.4
112.4
0
19.4
246.6
233.2
38.8
232.7
40
27
35.5
127.9
149.8
268
146.8
224.2
106.3
240.7
22.6
211.6
99.3
101.3
19.4
0
235.6
222.1
40.5
221.7
41
20
17.7
121.3
151.9
256.9
146.1
213.2
95.2
229.5
7.3
10.3
138.3
140.2
246.4
236.5
0
12.3
233.6
15.3
234.1
232.1
221
255.7
286.2
102.7
280.4
17.6
145.2
6.4
224.7
10.6
125.7
122.3
234.2
224.3
12.3
0
221.4
1.9
221.9
219.8
208.8
264.6
295.1
69.8
289.3
20.6
130.9
16.5
212.5
212.2
99.9
101.8
38.3
42.4
236.1
222.6
0
222.2
0.9
37.9
35.7
145
171.5
257.5
169.9
213.7
95.8
230.2
18.7
10.7
124.5
121.1
233
223.2
13.9
1.9
220.2
0
220.7
218.7
207.7
263.4
293.9
69.2
288.1
19.7
129.8
17.3
211.4
210.3
98
100
39.5
40.5
234.2
220.8
0.9
220.3
0
36
33.8
143.1
172.7
255.6
167.8
211.8
93.9
228.1
20.3
207.5
95.2
97.2
26.8
21
231.5
218
36.4
217.5
36.9
0
4.6
111.9
142.5
252.8
136.7
209
91.1
216.9
27.6
197.6
85.3
87.3
36
18.5
221.6
208.1
33.9
207.6
34.4
4.5
0
121.1
151.6
242.9
145.8
199.1
81.2
215.5
25.1
243.5
174.7
176.5
127.7
122
255.6
250
143.6
263.5
144.1
111.7
120.8
0
43.6
319.3
31.8
249.4
181.6
249.5
127.4
273.9
205.1
206.9
149.1
152.4
286
280.4
174
293.9
174.5
142.1
151.2
43.9
0
349.7
14.7
279.9
212
279.9
155.4
93.4
160.5
157.1
269
259.2
102.5
69.7
256.2
69.1
256.7
254.7
243.7
320.1
350.6
0
339.3
95
165.8
107.6
246.5
271.6
202.8
204.6
146.3
150.1
284.6
292.1
171.7
291.7
172.1
139.9
148.9
34.8
15.4
347.4
0
277.6
209.8
277.6
155.5
4
116.2
118
224.3
214.4
17.8
20.6
211.5
19.4
211.9
209.9
198.9
249.7
280.2
93.9
274.4
0
123.1
11.7
202.6
122.1
3.8
12.3
106.7
96.8
146
130
93.9
129.6
94.4
92.4
81.3
181.7
212.2
164.8
206.6
123.6
0
140
85.2
9.3
132.3
134.2
240.4
230.5
7
13
227.6
29.5
228
216.9
215
249.7
280.3
107.1
274.5
11.6
139.4
0
218.8
201.6
89.3
91.2
22.8
7.6
226.4
212
19.8
211.6
20.9
27.7
25.4
127.4
156
246.9
152.1
203.1
85.3
219.4
0

0
293.4
196.4
154.9
226.6
43.4
188
252.2
123
254.3
161.1
94
65.6
174
212.9
278.4
75.4
86.4
219.5
228.7
60.8
214.7
78.9
190.5
293.1
0
225.8
143.1
72.5
253.1
117.4
112.7
253.5
57.5
145.5
204.7
252.3
228.2
318.4
25.7
241.4
235.7
66.1
65.1
261.9
83.2
221.2
110.6
196.9
226.1
0
129.6
159.4
157.1
161.8
247.4
240.2
228.1
154.1
166.7
156.2
275.3
152.6
211.2
148.2
112.1
193.3
202.5
134.5
147.5
151.6
124.4
155.4
143.3
130
0
76.5
115.5
51.1
136.7
131.6
117.4
24.3
63.7
114.6
141.8
207.3
128.3
103.7
98
82.6
91.8
124.2
64.6
80.3
40.9
226.8
72.8
159.6
76.9
0
186.9
51.1
136.5
203.8
81.3
79.2
138.5
186
214
252.1
57.9
175.1
169.5
56.1
70.7
195.7
16.9
155
44.4
42.9
253.9
157.1
115.4
187.2
0
148.5
203.4
88.9
212.6
121.7
73.8
7.6
125.2
226.3
239
12.3
47.1
180.1
189.3
85.4
175.3
32.5
151.1
188.9
119.9
157.1
51.5
51.4
149
0
94.8
162.1
75.5
34.8
96.8
132.4
172.2
249.6
105
129.5
146.6
40.7
49.9
172.7
35.6
113.4
45.5
250.9
113.4
247.5
136.5
135.8
216.2
94.8
0
191
59.9
119.8
181.8
195.1
145.3
340.1
121.2
185.3
237
66
67.6
263.2
125.9
198.3
135.8
122.6
265.8
240.5
143
215.2
87.9
172.9
203.1
0
212.3
134.6
99.1
83
45.6
326.5
267
91.2
130.5
196.2
197.7
169.2
202
91.7
179.5
254.8
58.3
228.4
117.4
80.8
225.9
75.7
59.8
200.7
0
100.7
162.7
204.8
175.3
321
66.1
195.4
217.9
41.2
32.1
244.1
91.4
179.2
118.9
161.2
147.8
149.3
23.9
79.2
121.3
34.3
119.9
123
100.6
0
69.2
104.8
133.1
241.8
132.8
101.8
120.6
65.8
75
146.8
63.4
85.7
60.4
94.5
204.3
167.2
64.8
137.6
74.2
95.4
181.1
99
161.8
68.6
0
38
102.6
253.2
189.4
35.1
57.2
127
136.2
95.9
124.5
18.9
101.9
65.6
252.6
155.8
114.2
185.9
7.5
132.6
198.5
82.9
207.6
105.8
38.6
0
120.3
241.8
237.7
10.5
45.8
164.2
193.1
84.4
174
25.1
149.8
173.2
229.6
275.6
152.8
225
138.5
182.8
145.7
45.2
176.1
122.4
102.6
117.4
0
361.6
237.4
126.2
165.6
160
161.6
204.3
211.9
126.8
189.3
222.2
318.6
152.1
207.3
251.9
226.9
254.3
339.9
326.1
320.6
230.2
252.6
242.1
361.3
0
303.7
234.1
198
285.8
295
161.2
240
237.5
216.9
278.8
25.8
211.6
128.9
58.3
238.9
103.2
121.2
255.8
66.1
131.2
190.5
238
236.7
304.1
0
227.1
221.5
74.6
73.7
247.7
68.9
207
96.4
75.1
240.3
148
101.8
173.6
12.3
128.2
213.8
90.9
194.5
101.4
34.2
10.4
125.9
234
225.3
0
38
159.7
168.9
76.5
161.6
20.7
137.5
86.7
238.4
112.3
99.9
171.7
66.4
144.3
229.9
130
210.7
117.5
56.5
46
165.1
198.3
223.5
38
0
175.9
185.1
47.8
159.8
41.4
135.6
220
66.4
193.7
82.7
56.8
180.1
41
66.2
176.5
36
66
128
180.6
151.1
286.3
74.2
160.6
183.2
0
3.9
209.4
72.1
144.5
82
229.1
65.4
202.7
91.7
70.2
189.1
50
67.6
177.9
31.5
75
137
182
152.5
295.3
73.2
169.7
192.2
4
0
218.4
81.1
153.5
91.1
61.1
262.1
138
123.6
195.4
85.2
168
253.6
168.7
234.3
141.2
95.1
84.6
203.8
152
247.2
76.6
45.5
199.6
208.8
0
183.5
80
159.3
214.3
85.2
147
64.3
16.7
174.3
35.4
125.6
191.3
93.7
63.5
125.9
173.5
201.4
239.6
70.3
162.6
156.9
71.5
80.7
183.1
0
142.4
31.8
81
221.8
153.8
82.8
155
60.8
112.9
198.5
92.1
179.2
86
18.9
24.8
127.2
239.8
206.8
21.8
43.8
144.4
153.6
82.4
142
0
119.4
191.5
110.9
124.8
41.5
44.2
151.6
45.1
135.3
168.5
116
64.2
103.2
150.7
178.6
217.4
96
139.8
134.2
81.2
90.4
160.4
32.3
119.7
0

0
101.3
250.4
32.5
184.9
193.7
27.1
188.3
18.6
205.7
97.4
18.5
130.8
55
52
76.1
14.2
43.4
197.7
245.2
183.7
81.9
99.8
250.4
101.3
0
289.3
80.3
244.3
212.2
99.3
277.1
113.6
279.6
139.7
71.1
193.9
135.4
55.5
82.1
111
129.5
271.6
263.7
202.2
58.9
117.2
268.9
242.2
290.3
0
270
100.3
76
216.2
180.2
235.3
146.1
327.7
256
129.6
192.5
261.7
214.1
229.4
258.1
157.5
154.7
92.9
268.5
175.3
52.6
32.3
80.5
278.2
0
212.7
215.4
54.9
214.3
44.6
231.7
78.7
13.1
158.6
82.8
31.2
85.2
42
60.5
223.7
266.8
205.3
72.4
120.4
272
184.6
244
98.6
212.4
0
113.7
158.6
77.3
177.6
80.8
270.1
198.4
61.6
134.9
215.4
167.8
171.8
200.5
59.6
180.5
73.9
222.2
128.9
125.9
190.7
209.1
77.1
213.1
114
0
164.7
193.9
183.8
173.7
276.2
203.8
109.3
141.1
180.5
132.9
178
206.7
176.2
78.9
43.2
187.3
95.1
42.6
27.1
97.7
224.8
55
159.3
168.1
0
175.9
32.7
190.9
125.1
40.9
105.2
29.4
47.9
41.9
17.4
55.6
182.9
219.6
158.1
85.6
74.2
224.8
188.5
277
179.4
214.8
76.8
194.3
175.7
0
174.6
69.9
267
216.2
103.5
144.2
234.3
200.9
185.3
184.9
42.1
261.2
154.6
255.2
162.4
206.7
17
113.8
243.7
45
178.2
187
26.4
174.3
0
191.8
97.1
46.4
124.1
56
64.4
87.3
17.8
26.5
183.8
238.5
177
105.7
93.1
243.7
206.5
279.8
144.6
232.8
81.7
173.7
190.9
70.4
192.6
0
285
234.2
93.9
162.2
252.3
203.6
203.3
202.9
45.3
240.5
133.9
258
165.2
171.9
97.2
139.5
336.1
78.8
270.6
279.4
118.7
266.7
97
284.1
0
97.5
216.5
148.3
115.6
169.6
106.9
113
276.1
330.9
269.4
156.8
185.5
336.1
18.4
71
264.3
13.4
198.8
205.8
41.1
216.4
46.7
233.9
97.9
0
144.7
68.9
21.6
75.7
28.1
62.6
225.9
257.3
195.8
62.8
110.8
262.5
130.8
193.7
128.5
158.6
61.9
109.6
104.8
103.2
123.9
93.5
216.3
144.6
0
81.1
165.1
117.5
118
146.7
85.5
176.5
64.4
171.9
79.1
151.2
55.3
137.5
200.7
96.1
135.2
144
29.3
144.1
55.8
161.6
148.2
69.1
81.1
0
115.5
56.8
42.5
67.3
153.6
195.5
134
115.7
56.9
200.7
52.3
55.5
260.4
31.3
215.4
183.3
49.5
234.3
64.6
251.8
115.8
22.1
165
102.8
0
53.2
62
80.5
243.8
234.8
173.2
59
88.3
239.9
76.6
82.3
212.9
86.3
167.9
135.8
41.5
200.6
86.6
203.2
170.7
77
117.5
56.5
53.6
0
80.8
109.5
195.2
187.3
125.7
60.5
40.8
192.4
14.4
111
237.6
42.2
172.1
180.9
17.4
177.9
17.4
195.4
107.1
28.2
118
42.2
61.7
81.1
0
40.3
187.4
232.4
170.8
87.9
87
237.6
43.6
129.8
266.3
61
200.8
209.6
49
183.9
26.5
201.4
113.4
62.4
146.7
66.9
80.5
109.9
40.4
0
193.4
261.1
199.6
121.7
115.7
266.3
198.4
271.8
155.6
224.8
59.1
176.7
182.9
42.3
184.6
44.6
276.9
226.2
85.9
154.2
244.2
195.6
195.3
194.9
0
243.6
137
250
157.2
182.9
246.2
264.5
195.7
268.5
182.1
80.1
220.2
262
239.2
241.8
331.6
259.2
177.4
196.5
235.9
188.4
233.4
262.1
244.3
0
111.2
162
150.5
136.9
183.7
202.1
88
206
74.4
43.4
157.7
154.3
176.8
134.1
269.2
196.8
64.1
134.1
173.4
125.9
170.9
199.6
136.6
110.3
0
180.3
88.1
79.9
81.6
58.6
267.3
72.1
222.3
190.2
84.2
255
105.3
257.5
156.5
62.8
171.9
113.4
58.6
60
87.6
121.3
249.5
170.2
180.1
0
95.2
246.8
91
117.3
174.6
121.3
129.6
98
80.4
162.3
84.1
164.8
176.5
112
79.1
56.8
88.6
41.1
78.3
107
156.8
149.5
87.9
95.5
0
154.6
250.8
269.1
52.5
273.1
126.6
42.6
224.8
206.6
243.8
172.4
336.3
263.8
151
201.1
240.5
193
238
266.7
183.9
135.9
80.1
247.3
155.1
0

0
104.7
131.1
201.9
297.5
102
202.1
230.4
174.7
14.1
129.2
174.5
130.4
58.3
117.2
63.5
72.8
208.1
71.8
149.3
188.4
228.7
182.6
40.2
104
0
201.4
139
212.2
148.9
167.7
151.8
49
119
34.6
107
56
77.3
56.5
121
32.9
132.3
58.6
141.8
124.6
293
151.1
134.1
131
195.8
0
178.8
274.4
42.7
179
260.2
230.6
155
174.6
151.4
151.8
110.4
138.7
84.5
169.9
185
127.9
126.8
165.3
101.3
160.1
101.5
201.2
138.2
178.2
0
117.5
141.7
49.7
109
113.8
225.2
107.6
36.4
94.1
146
107.9
174.8
152.7
6.4
156.6
92.2
21.2
269.8
59
191.3
297.7
211.6
274.6
117.4
0
238.1
146.1
77.8
187.4
305.1
181
138.3
173
242.4
204.3
271.3
226.1
115.2
253.1
188.6
126.6
366.3
155.5
287.8
101.8
148.8
42.8
142.9
238.4
0
143
224.2
194.7
125.8
127.7
115.4
115.8
76.7
102.7
44.9
117.5
149
94.2
90.8
129.3
134.5
124.1
67.4
202.5
166.2
157.8
50
145.6
121.3
0
152.6
157.4
226.4
151.2
45.7
112.8
147.2
109.1
176.1
179.3
56.2
157.8
46
41.5
249.4
12.8
192.5
229.7
151.1
260.4
109.2
78
223.9
152.2
0
126.8
244.6
120.5
131
112.5
183.5
126.5
236.6
165.5
102.5
180.3
195.2
115.8
352
161.5
253.1
173.7
49.5
230.5
114.1
187.5
194
157.1
127.1
0
188.7
46.6
116.6
82.7
134.6
80.9
178.3
81.4
107.4
124.3
165.4
120.7
322.2
166.4
194.8
14.1
119.2
135.2
225.7
321.2
105.9
225.8
244.9
189.2
0
143.6
198.2
154.1
82
135.5
67.3
87.3
225.3
88.8
173
212.1
232.8
206.3
44
128.2
34.5
180.3
108
181.2
127.7
151
120.8
46.5
143.1
0
79.6
34.9
89
35.4
138.4
64.1
101.3
78.8
120.6
93.6
271.9
130
149.2
174.7
107.1
151.6
36.3
137.7
115.1
45.1
131.2
116.5
198.6
79.6
0
52.2
119.4
67.1
148.3
113
34.7
118.5
60.6
14.2
243.2
54.4
164.7
130.1
55.9
151.7
94.2
172.9
115.2
114.4
112.5
83
149.7
34.7
51.8
0
74.9
15.1
127.9
70.6
87.5
85.4
89.5
50.2
243.3
97.9
144.4
58.1
77.3
110.3
146.8
242.3
77.9
146.9
183.5
134.6
82.1
89.1
119.3
75.2
0
62.1
46
45.4
152.9
19.6
94.1
133.2
207.9
127.4
62.4
116.8
56.3
138.3
110.4
206
101.8
110.6
135.3
80.7
135.5
35.2
67.1
15.6
61.5
0
114.5
56.4
102.1
72
84.6
96.9
229.9
94
131
62.5
122
85
176.1
271.7
44.8
176.3
227.7
178.8
86.5
133.3
148.7
119.4
46.8
106.2
0
90.1
182.3
64.3
123
162.6
182.6
156.3
28.1
69.5
33
168.6
152.9
226.1
117.3
179.1
165.7
80.9
84.5
64.5
119.8
70.7
45.6
56.3
89.4
0
146.2
27
126.2
138.5
260.2
159.5
99.6
210
131.4
184.4
6.4
115.3
147.9
55.9
102.2
107
224.9
100.8
34.7
87.3
152.2
102
181.1
145.9
0
162.9
98.4
19.5
276
65.2
197.5
71.7
58.7
127.9
157.2
252.8
95.6
157.4
180.3
124.6
88.8
79
118.4
85.6
19.8
72.4
63.5
26.8
163.4
0
104.5
143.7
238.5
137.8
80
149.6
141.5
127
92.5
188.1
90.5
45.8
194.3
164.8
173.5
120.4
60.3
89.2
94.3
84.5
123.2
126.4
98.7
104.9
0
84.1
218.7
34.1
139.7
188.1
117.1
165.1
21.1
126.4
128.5
41.3
115.9
120.7
212.1
86.5
13.2
50.4
132.9
94.8
161.7
131.6
19.5
143.5
83.8
0
256.7
50.6
178.2
228.8
287.6
101.3
270.6
366.2
134.4
249.4
351.9
322.4
252.8
266.4
243.2
243.6
208.2
230.5
182.3
261.6
276.7
225.7
218.6
257
0
251.8
199.3
182.6
150.1
160.1
59.5
155.1
123.6
12.8
162.1
166.9
206.6
128.9
48.3
96.7
127.4
93
156.3
159.4
65.6
138
33.9
51
251.7
0
172.7
39.2
133.1
101.7
189.3
284.9
63.9
189.5
240.9
192
63.1
146.4
161.9
132.5
60
119.4
25.3
101.1
195.4
77.4
136.2
175.7
199.3
169.5
0
