0
109.8
167.2
103.1
116.8
262.6
166.8
262.3
252.1
250.3
353.9
229.5
32.7
209.1
341.8
201
113.9
108.2
172.6
145.5
115.1
0
114.7
10.6
12.5
209.7
98.5
209.4
199.3
197.5
285.6
114.3
90.4
154.5
273.5
193.5
4.5
17.9
121.8
9.3
167
114.2
0
125.4
153.1
97.5
41.6
97.2
87
85.2
211.1
161.9
142.4
44
199
155
116.4
101.5
3.7
132.8
102.4
10
123.2
0
8.8
218.6
104.9
218.3
208.2
206.3
292
124
77.7
165.1
279.8
186.3
20.6
24.2
128.6
13.2
115.6
12.8
133.8
9.1
0
229.2
122.2
228.9
218.8
217
300.7
125
92.5
175.8
288.5
195
26
32.8
139.2
14.9
264.1
211.3
99.7
222.5
250.2
0
122.9
1
37.8
35.6
177
259
239.5
60.6
169.3
172.6
213.6
198.6
95.8
229.9
171.7
98.3
42.7
113.2
140.9
122.6
0
122.3
112.2
110.3
194.6
133.1
141.5
63.4
182.4
186.7
100.6
85.7
49.7
116.9
261.6
208.7
97.2
219.9
247.6
1
120.3
0
35.3
33
178.9
256.4
236.9
58
166.7
172.5
211
196.1
93.2
227.3
251.2
198.3
86.8
209.5
237.2
36.1
109.9
35.8
0
4.6
148.6
210.5
226.5
47.6
136.4
227.6
200.6
185.7
82.8
216.9
249.7
196.9
85.3
208
235.8
33.6
108.4
33.3
4.6
0
157.7
219.6
225.1
46.1
145.5
226.2
199.1
184.2
81.4
215.5
347.2
273.1
205.1
294.3
307.7
173.7
188.3
173.5
142.2
151.2
0
257.3
322.6
193.7
15
353.4
279.9
266.8
212.1
279.9
229.1
114.6
160.8
123.6
138.3
255.7
133.6
255.4
211.2
243.5
264.5
0
204.5
202.3
252.3
313
110.5
126.8
167.8
110.5
31.7
84.4
141.9
77.7
85.3
237.3
141.5
237
226.8
225
328.6
204.1
0
183.8
316.5
175.7
88.6
82.8
147.3
120.2
207.9
155.1
43.5
166.3
194
60
63.5
59.7
49.6
47.8
202.4
199.3
183.3
0
190.3
184.4
157.4
142.4
39.6
173.7
345.2
271.1
203
292.3
305.6
171.7
186.2
171.4
140.1
149.2
15.7
255.2
320.5
191.6
0
351.3
277.8
264.7
210.1
277.9
197.1
193.5
155.5
186.8
195.1
172.8
187.4
172.8
228.3
226.5
359.9
313.2
172.5
185.3
347.7
0
197.7
191.9
146.5
229.2
117.2
4.4
116.8
20.6
26.9
211.8
100.6
211.5
201.4
199.6
286.3
110.5
92.5
156.6
274.1
197.1
0
20
123.9
11.7
107.3
18.3
102.3
33
53.4
197.2
86
196.9
186.8
185
273.2
127.2
82.6
142
261
191.1
20.6
0
109.3
30.6
171.7
121.4
3.7
130.1
157.8
93.7
48.9
93.4
83.3
81.5
218.4
169.1
147.1
40.3
206.2
145.9
123.7
108.8
0
140
144.5
9.3
133
13.1
15.2
227.9
116.8
227.7
217.5
215.7
286.3
110.6
119.9
172.7
274.1
228.3
11.6
30.1
140
0

0
112.3
102.5
114.5
168.7
94.3
124.4
110.6
140.7
52.7
117.3
114.6
138.6
152.5
119
176.4
73.5
51.1
109.5
114
108.3
88
93.5
22.7
112.1
0
19.5
230.1
284.2
197.9
15
214.1
246.7
105.6
232.8
44.6
111.4
250.8
55.9
99.7
179.6
121.1
13.9
229.5
223.9
83.8
63.4
98.8
100.9
19.5
0
218.9
273
186.7
31.5
203
235.6
94.4
221.7
37.9
104.7
244.1
49.2
121.3
168.4
109.9
17.9
218.4
212.7
77.1
56.7
87.6
122.5
229.6
219.7
0
75
113.4
241.7
145
17.4
136.3
5.6
198.2
203.2
91.6
202.6
260
61.3
134.7
226.8
5.2
34.9
171.5
177.1
138.9
177.1
284.2
274.3
75.9
0
167.9
296.2
199.5
69.8
190.9
62.4
252.7
255.2
126
257.2
314.6
115.9
189.2
281.3
78.3
89.3
226.1
231.6
193.4
100.1
195
185.1
114.1
168.2
0
207
43.7
128.7
142.7
116.9
204.3
228.6
208.5
209
266.4
109.3
141.1
192.1
116.5
80.4
177.9
183.5
105.3
123.9
14.5
31.3
241.9
296.1
209.7
0
226
258.6
117.4
244.7
25.3
113
252.5
57.5
87.5
191.4
132.9
25.7
241.4
235.7
85.4
65
110.6
119.5
214.3
204.5
146.1
200.2
44.1
226.4
0
160.7
162.1
148.9
223.6
248
240.5
228.4
285.8
141.3
160.5
211.5
148.5
112.4
197.3
202.8
124.7
140.4
247
237.2
18.3
69.9
169
257.4
200.6
0
149.6
15.3
214.7
194.8
80.2
203.9
255.7
74.6
142.8
244.2
15.8
90.5
183.9
180.9
156.7
50.1
107.9
98
137.7
191.9
141
119.9
157.3
150.7
0
140.5
71
95.1
159.5
75.5
132.9
83.5
17
105
129.5
146.6
44.4
49.9
45.5
125.9
233
223.2
5.4
60
116.8
245.1
148.5
13.3
139.7
0
201.6
206.6
93.5
206
263.4
64.8
138.1
230.2
3.3
38.3
175
180.5
142.3
114.4
44.2
38.5
199.1
253.2
206.3
25.5
222.5
215.1
71.2
201.9
0
71.2
210.6
15.7
87.8
144.9
69
54.4
190.8
204.1
27.9
24.3
107.2
138.1
111.1
105.3
222.7
254.2
231.5
113.4
247.7
194.6
94.8
225.5
70.8
0
190.2
59.9
112
168.5
78.8
121.2
185.6
237
62.2
67.7
135.9
151.1
257.8
245.6
91.6
125.6
209.1
253.7
240.7
80.3
159.9
93.3
211.1
191.1
0
200.2
252
99.4
139.1
254.9
91.2
130.6
180.2
177.2
167.5
119
56
50.2
203.6
263.6
212.3
58.3
228.6
204
75.7
206.4
15.7
60.1
199.6
0
72.7
149.4
73.6
66.1
195.4
217.9
32.5
32
118.9
176.1
99.7
122
260.7
315.1
269.5
87.5
285.7
255.6
132.8
263.5
87.5
111.9
251.2
72.5
0
206.5
138.4
121.2
252.5
265.8
96.6
96.2
173.9
73.5
180.1
170.2
60.5
114.7
112.2
192.2
143.8
71.7
82.7
63.3
144.5
168.6
99
149
206.4
0
81
177.3
50.5
74.4
117.9
123.4
89.8
50.7
123.4
113.6
135.3
189.5
144.1
135.5
160.3
143.1
16.5
138.1
69.1
78.6
138.6
86.6
138.4
81.1
0
120.6
127.1
149.6
42.5
48
60
111.7
13.8
20.5
229.7
283.9
197.5
25.8
213.8
246.4
105.2
232.5
56.8
123.6
263
68.1
102.9
179.2
120.7
0
229.2
223.5
96
75.6
98.4
121.1
228.2
218.3
5.1
78.1
116.5
240.3
148.1
14.6
128.2
3.2
190
186.1
90.9
194.5
251.9
53.2
126.6
225.3
0
38
163.4
168.9
137.5
119.3
226.3
216.5
35.6
89.7
80.9
238.4
112.5
90.3
153.7
38.4
215.5
239.6
130
220
268
75.5
142.7
223.5
38
0
188.9
194.4
135.6
87.6
83.5
77.8
172.2
226.4
181
85.9
197.2
176.8
44.3
175
27.9
62.2
172.4
32.4
97
118
42.2
93.7
164
186.5
0
7.5
85.4
93.2
62.9
57.2
177.8
232
186.5
65.3
202.8
181.1
49.9
180.6
24.3
67.8
176.7
31.6
96.2
123.6
47.8
73.1
169.6
192.1
9
0
91
22.9
99.9
90
140.4
194.5
108.7
112
125
157
45.1
143.2
109.2
135.6
168.8
116
173.4
89.8
59.6
97.1
139.8
136.4
84.9
90.4
0

0
101.3
32.3
64.8
58.7
27.1
188.3
99.7
69
20.6
105.4
205.7
188.7
52
100.3
76.1
52
43.4
22.6
122.6
197.7
183.7
99.8
73.9
101.3
0
80.2
116.8
49
99.3
289.3
142.7
75
115.6
8.5
279.6
262.6
55.5
195.3
82.1
46.8
129.5
91.4
120.3
271.6
202.2
117.2
36.9
32.1
80.4
0
92.5
37.7
54.8
214.1
127.4
78
46.5
84.5
231.6
214.5
31
126.1
85.1
31.1
60.4
45.1
123.3
223.6
205.2
120.2
52.9
64.7
118.4
92.4
0
91.1
38.8
169.4
40.9
47.7
57.9
122.5
173.6
156.6
89.7
73.1
37.6
97.2
80.7
48.3
59.8
165.6
120.8
37
82.7
58.7
49.3
37.5
88.7
0
56.7
240.7
114.6
46.9
73
53.4
251.5
234.5
12.9
152.7
54
6.4
86.9
48.7
92.2
243.5
174.1
89.1
21.8
27.1
97.7
54.8
39.2
55
0
175.9
74.1
78.5
32.8
101.8
190.9
173.9
47.9
87.9
41.9
74.4
55.6
9.6
97
182.9
158.1
74.2
76.7
188.5
290
214.7
183
241
175.7
0
136.9
221.2
174.7
294.2
69.9
65.9
234.3
96.5
213.2
234.3
184.9
180.8
210
41.5
154.6
175.4
254.4
98.7
142.5
126.4
41.5
115.2
72.7
149.4
0
73.7
91.9
146.6
139.7
122.7
113.9
67.9
66.3
121.3
114.7
82.3
62.5
131.7
100.7
27.9
106.8
69.2
74.8
78.7
48
47.5
77.7
220.5
73.9
0
96.9
79
210.8
193.9
46.2
113.1
13.3
53.7
119.7
56
37.2
202.8
133.4
48.5
39.2
17.5
114.3
45.3
58.2
71.6
26.5
174.5
93.2
97.5
0
118.4
192
174.9
64.9
86.5
87.4
64.9
26.6
21.8
116.1
184
177.1
93.3
86.8
105.3
8.8
84.2
120.8
53.1
103.4
293.4
146.7
79.1
119.7
0
283.6
266.7
59.6
199.3
86.2
50.9
133.6
95.4
124.3
275.7
206.2
121.3
40.9
206.4
280.4
232.6
173.4
253.1
190.9
70.4
140.3
211.6
192.6
284.5
0
31.9
252.2
114.4
203.6
252.2
202.9
200.4
200.4
47.3
133.9
165.8
244.7
188.5
251.9
214.8
155.7
224.5
173.1
68.5
122.6
183.1
174.8
256
31.9
0
234.4
96.6
175.7
234.4
185
182.6
171.4
42.8
84.9
136.8
216.2
52.3
55.5
31.2
87.8
12.9
49.5
234.3
113.7
46
66.7
59.7
251.8
234.7
0
146.3
53.2
6.2
80.5
41.5
96.1
243.8
173.2
88.3
28.1
100.4
195.5
126.6
79.5
152.9
87.6
93.6
66.3
137.6
86.6
199.7
111.1
94
146.2
0
109.8
146.2
96.9
92.7
126.4
103.1
111.9
91.8
170.8
76.6
82.3
86.1
37.8
55
41.5
212.8
66.2
13.4
86.7
86.4
203.1
186.2
53.6
102.9
0
61.1
109.5
43.8
42.8
195.2
125.7
40.8
46.6
51.9
47.1
30.8
94.9
6.4
74.6
233.9
120.8
53.1
66.2
51.2
251.3
234.3
6.1
145.9
60.2
0
80.1
64.9
98.4
243.4
180.3
95.4
28.1
43.6
129.8
60.9
80.7
87.2
49
183.9
115.6
120
26.6
134
201.3
184.3
80.5
95.9
109.9
80.5
0
44.3
138.5
193.4
199.6
115.7
102.4
22.6
91.2
45.3
48.6
48.5
9.8
181
83.6
56.5
21.8
95.3
200.3
181.4
41.5
93
43.8
65
44.6
0
106.5
192.4
167.5
83.7
70.2
122
119.9
123.7
59.6
92.5
96
209.5
62.9
37.2
115.1
124
199.8
182.8
96.3
128
42.9
98.7
137.9
105.5
0
191.8
122.9
38
84.2
198.4
272.4
224.6
165.4
245.1
182.9
41.9
132.3
203.6
184.7
276.5
46.8
45.3
244.2
106.4
195.6
244.3
194.9
192.4
192.4
0
137
157.8
236.8
183.7
202.1
205.9
121.5
174.7
157.7
154.3
88
133.2
176.8
206.2
134
84.9
173.4
111.7
125.9
180.9
199.6
167.2
122.7
136.6
0
88.1
166.4
106.4
117.3
121.1
37.3
90
80.4
174.5
27.9
48.5
99.5
121.4
164.8
147.8
88.6
93
41.1
96.1
122.3
89.9
37.9
156.8
87.9
0
81.6
73.8
36.9
52.7
81.3
21.6
70.6
253.8
107.2
39.5
88.2
41
244.1
227.1
28.1
146.3
46.6
27.7
102.1
70.4
84.8
236.1
166.7
81.7
0

0
251.2
221
195.5
200
105
271.2
251.2
270.3
103.8
245
198.5
110.1
46.3
205.3
165.8
127.7
194.7
312.6
274.2
213.5
211.2
260.6
86.9
251.9
0
21.7
126.8
100.4
328.2
35
55.9
162.1
286.3
19.9
58.7
165.3
269.5
146.4
92.7
151.7
68.9
204.4
63.3
69.5
45.6
121.1
236.3
221.6
56.6
0
131.2
58.1
297.8
76.6
22.4
209.3
243
14
24.2
130.7
239.1
150.8
58.2
117.1
63.4
251.6
95.8
19.3
40.1
146.5
193
195.5
126.3
131.1
0
173.9
271.8
146.3
161.3
81.7
270.9
155.1
132.2
149.9
213.1
29.3
110.6
136.3
84.7
124
118
143
101.7
72
221
200.3
95
50.7
169.5
0
258.8
100.6
58.5
247.6
211.8
52.4
41.4
103.9
231.1
191.5
64.7
89.2
93.1
289.9
134.1
32.9
78.4
184.8
161.8
104.8
327.6
297.4
271.8
258.5
0
347.5
311
346.7
88.7
304.9
274.9
174.1
69.8
281.7
242.2
204.1
271.1
389
350.6
272
287.5
337
115.6
270.9
36.7
76.5
145.7
101.2
347.1
0
51.8
187.9
305.2
56.7
77.6
184.2
288.4
165.3
111.6
170.6
87.8
230.2
56.8
88.4
64.5
146.8
255.2
243.4
56.9
20.1
153
56.3
308.8
50.6
0
208.1
261.8
10.4
46
152.5
260.9
172.6
80
139.2
85.2
250.4
102.5
41.3
61.9
167
211.8
270.1
168.3
209.1
81.5
251.9
346.3
188.2
209.2
0
345.5
233.1
210.2
224.4
287.6
94.9
188.6
210.9
162.7
46.2
129.7
221
179.7
47.4
295.5
103.7
285.7
242.7
270.9
211.3
88.9
305.9
263.9
345.8
0
257.7
228.2
126.9
110.2
280.8
196.6
139.6
240.5
388.1
320
224.8
256.9
336.1
59.1
247
21.3
13.9
131.4
54.1
306.6
56.8
13.8
209.4
259.6
0
49.6
156.1
264.5
151
83.6
137
88.7
251.8
113.5
44.9
65.5
150.6
209.6
198.8
58.3
24.4
132.8
51.2
275.1
78.3
54.6
210.9
229
48.4
0
108
216.3
152.5
35.4
94.4
65
253.2
97.4
15.9
41.7
148.1
179
108.9
164
130.1
149.2
103.5
172.9
184
160.3
224.1
125.9
154.1
107.6
0
146.3
159.1
74.9
15.2
128
266.4
207.5
117.1
144.5
214.4
75.9
45.8
268.5
238.4
212.8
237
69.1
288.5
268.6
287.7
103.5
262.4
215.9
147.2
0
222.7
183.2
145.1
212.1
330
291.6
227.1
228.5
278
124
205
145.7
150.6
29.5
193.4
281.2
165.7
180.8
95.3
280.4
174.6
151.7
159.3
222.5
0
130.1
145.8
104.2
137.6
137.5
162.5
121.2
85.6
230.4
166.5
91.9
58
110.6
64.5
242.8
111.9
88.2
188.7
196.7
82
35.5
75.7
184
130.2
0
62.1
46.1
231
125.6
46.7
62.5
155.1
146.7
129.5
150.5
116.6
135.7
89
205.8
170.5
141.6
210.6
148.5
135.4
94.1
15.6
147
145.6
61.5
0
114.5
252.9
194
102.5
131
200.9
98.5
195.2
68.2
62.4
85.2
91.2
271.5
88.1
92.6
163.3
240.9
86.4
63.5
129.2
212.7
104.8
46.8
106.2
0
205.6
85.5
74.3
28.1
115
200.2
312.5
211
251.5
123.9
294.3
388.7
231
281.7
46.3
387.9
275.5
252.6
266.8
330
137.3
231
253.3
205.1
0
172.4
263.4
222.1
90.1
337.9
275
62.7
95.8
122.6
138.6
351.2
57
103.7
130.6
324.5
108.6
96.9
208.9
292.5
142.2
126.5
186
86
172.9
0
107.7
83.8
110.3
274.5
214
63.7
19.4
138.2
32.7
272.5
83.6
49.6
216.3
225.5
43.5
16.3
117.6
228.5
157.8
47.6
102.9
70.4
258.6
102.8
0
47.1
153.5
175.5
208.4
44.8
39.1
102
81.8
284.7
64.8
69.2
180
254
63.1
40.1
142.3
225.9
121.6
60
119.4
25.3
222.3
83.9
50.9
0
124.1
213.4
260.9
127.7
146.5
72.3
189.3
337.2
147.7
168.6
47.5
336.3
170.5
147.6
215.3
278.4
85.7
155
201.7
114.5
89.8
96.1
158.4
131.7
0
286.3
86.9
235.9
192.8
221.1
161.4
115.6
256.1
214
295.9
59.2
207.8
178.3
77
124.3
230.9
146.8
89.7
199.9
338.2
270.1
175
216.3
286.2
0