0
114.8
116.7
222.9
213
10.8
10.7
13.1
210.1
10.5
210.6
208.6
197.5
243.8
274.3
114.8
92.5
91
3.9
121.7
114.9
0
3.4
110.6
100.7
138.9
125.4
153.1
97.8
125
98.3
96.3
85.2
174.6
205.1
160.5
160.2
142.2
116.4
3.8
117
3.5
0
112.6
102.7
141
117.6
145.3
99.8
117.2
100.3
98.3
87.2
176.7
207.2
162.6
152.4
134.4
118.5
12.1
222.7
110.4
112.4
0
19.4
246.6
233.2
260.8
38.8
232.7
40
27
35.5
127.9
149.8
226.4
268
249.9
224.2
106.3
211.6
99.3
101.3
19.4
0
235.6
222.1
249.8
40.5
221.7
41
20
17.7
121.3
151.9
219.9
256.9
238.9
213.2
95.2
10.3
138.3
140.2
246.4
236.5
0
12.3
9.7
233.6
15.3
234.1
232.1
221
255.7
286.2
116.6
102.7
116.9
17.6
145.2
10.6
125.7
122.3
234.2
224.3
12.3
0
8.7
221.4
1.9
221.9
219.8
208.8
264.6
295.1
124
69.8
78
20.6
130.9
13.3
133.3
129.9
241.8
232
9.8
8.7
0
229
9.4
229.5
227.5
216.5
264.4
294.9
125.2
71.2
85.4
26.2
138.6
212.2
99.9
101.8
38.3
42.4
236.1
222.6
250.3
0
222.2
0.9
37.9
35.7
145
171.5
257.7
257.5
239.4
213.7
95.8
10.7
124.5
121.1
233
223.2
13.9
1.9
9.8
220.2
0
220.7
218.7
207.7
263.4
293.9
125.5
69.2
76.9
19.7
129.8
210.3
98
100
39.5
40.5
234.2
220.8
248.4
0.9
220.3
0
36
33.8
143.1
172.7
255.8
255.6
237.5
211.8
93.9
207.5
95.2
97.2
26.8
21
231.5
218
245.7
36.4
217.5
36.9
0
4.6
111.9
142.5
210.5
252.8
234.8
209
91.1
197.6
85.3
87.3
36
18.5
221.6
208.1
235.8
33.9
207.6
34.4
4.5
0
121.1
151.6
243.2
242.9
224.9
199.1
81.2
243.5
174.7
176.5
127.7
122
255.6
250
277.5
143.6
263.5
144.1
111.7
120.8
0
43.6
226.9
319.3
301.2
249.4
181.6
273.9
205.1
206.9
149.1
152.4
286
280.4
307.9
174
293.9
174.5
142.1
151.2
43.9
0
257.3
349.7
331.6
279.9
212
114.3
160.8
162.6
227.2
221.5
116.6
123.8
138.5
256
128.3
256.5
211.2
243.5
227.9
258.4
0
205.8
204.3
110.5
167.7
93.4
160.5
157.1
269
259.2
102.5
69.7
71.3
256.2
69.1
256.7
254.7
243.7
320.1
350.6
205.6
0
20.8
95
165.8
91.7
141.5
138.1
250
240.2
116.7
77.4
85.5
237.2
77
237.7
235.7
224.7
301
331.6
203.8
19.9
0
93.2
146.8
4
116.2
118
224.3
214.4
17.8
20.6
26.8
211.5
19.4
211.9
209.9
198.9
249.7
280.2
110.5
93.9
92.3
0
123.1
122.1
3.8
12.3
106.7
96.8
146
130
157.7
93.9
129.6
94.4
92.4
81.3
181.7
212.2
167.6
164.8
146.8
123.6
0

0
293.4
196.4
155.4
226.6
188
71.9
123.2
261.2
161
69.7
186.4
212.9
280.1
75.4
86.5
223.3
219.6
214.4
338
81.5
72.1
259.7
190.5
293
0
225.8
143.1
72.5
117.4
275.5
253.7
57.7
145.4
249.2
132.9
318.4
27.4
240.4
235.7
69.7
66.3
82.9
114.1
221.4
250.7
34.4
110.6
197.7
227
0
130.5
160.3
162.7
206.3
241.2
228.8
150.3
157.1
161
153.4
213.8
149.1
113
198
194.3
148
311.1
155.1
192.2
193.4
125.2
155.3
143.3
130
0
76.5
49.7
136.1
131.8
115.9
22.8
111.5
48.1
207.3
130.1
102.7
98
85
81.3
64.3
198.2
80.4
111.5
109.6
40.9
226.8
72.8
159.6
76.9
0
51.1
210.9
204
81.5
79.1
183
66.7
252.1
59.6
174.1
169.5
91
56.3
16.6
178.2
155.2
186.2
39.2
44.4
188.8
119.9
157.1
52.3
51.4
0
169.2
162.2
75.4
34.7
152.2
17
249.6
106.7
129.5
146.6
44.5
40.8
35.3
157.7
113.5
144.5
86.3
45.5
71.5
277.7
205.2
136.6
211
168.9
0
85.1
223.2
141.9
31.9
162.2
255.2
264.5
42.9
95.2
203.4
207.2
197.7
299.9
67.6
34.1
244.1
175.4
123
233.6
241
131.3
203.5
161.3
85.1
0
200.4
123
81.1
139.4
327
257
91.7
131
180.6
184.5
190.1
277.2
92.3
75.9
236.6
167.8
260.3
58.1
228.2
117.9
80.6
75.5
222.4
200.6
0
100.4
205.3
86.6
320.8
67.7
194.8
217.7
32.6
41
90.9
97.2
179.2
197.6
55.5
118.7
161.1
147.7
149.2
24.5
79.1
34.2
141.4
123.3
100.4
0
124.4
29.2
241.7
134.5
101.7
120.6
69.5
65.8
63
182.7
85.7
116.8
114
60.3
69.8
249.7
155.8
118.8
182.9
151.1
31.9
83.2
205.3
124.1
0
144.3
241.8
236.5
10.2
45.9
185.4
189.3
170.7
282
37.7
7.4
216
146.9
186.4
135.5
160.2
49.9
66.9
16.5
161.7
139.9
86.4
32.3
144.6
0
252.7
122.3
127.1
149.6
42.6
38.9
50.8
163.2
111.1
136.9
101.8
60
213.6
318.6
152.1
222.1
251.9
254.3
255.7
326.3
320.5
242
242.1
252.7
0
305.4
234.2
198
289.6
285.9
239.7
402.8
240.1
277.2
285
216.9
280.8
25.8
213.6
130.9
60.3
105.2
264.9
258
68.2
133.1
237
120.7
306.2
0
228.1
223.5
96.3
76.9
70.7
135.9
209.2
240.2
22.2
98.4
75
240.3
148
102.3
173.6
128.2
57.5
91.1
194.4
101.3
11.6
126.6
234
227.1
0
38
163.5
159.8
161.3
276.7
20.9
27
206.7
137.5
86.6
238.4
112.3
100.5
171.7
153.7
95.2
130.1
219.8
123.2
46
152
198.3
225.2
38
0
189
185.3
159.5
302.1
44
81.1
204.8
135.6
223.3
86.2
197.1
86.8
91.3
44.3
195.4
173.6
32.5
69.2
178.4
42.2
289.6
95.8
164
186.5
0
9.8
75.2
122.1
148
170.7
83.6
85.4
220
66.4
193.7
83.5
56.5
41
198.4
176.6
35.8
65.9
181.4
38.9
286.3
75.9
160.7
183.2
9.8
0
71.9
129.1
144.7
173.7
70.2
82.1
213.9
84.9
146.7
64
16.4
35.1
198
191.1
93.6
63.1
170.1
50.6
239.3
71.7
161.2
156.6
75
71.3
0
190.3
142.3
173.3
51.3
31.5
340.6
117.9
314.1
203.8
181.1
161.3
302.7
280.9
100.8
186.2
285.6
166.9
406.6
135.7
275.1
303.5
125.5
132.6
191.4
0
268.7
277.9
156
202.4
81.1
221.9
153.9
80.8
155.2
113
68
92.4
179.2
86.1
25.1
111.4
239.9
208.7
22
43.9
148.3
144.7
141.8
261.5
0
30.8
188.3
119.5
71.3
252.4
190.9
111.3
185.7
143.5
33.4
75.7
197.7
116.6
7.8
136.7
276.9
239.2
27.3
80.9
177.9
181.8
172.3
274.4
30.2
0
218.8
150
260
34.8
192.8
110.1
39.5
84.4
244.1
237.2
55.5
112.3
216.2
99.9
285.4
21.6
207.3
202.7
74
70.6
49.8
152.8
188.4
219.4
0
77.6
191.5
110.9
124.8
41.5
44.2
45.1
175.5
168.6
119.6
59.7
147.7
59.6
217.4
97.7
138.8
134.2
85
81.3
32
198.1
119.8
150.9
77.3
0

0
101.3
250.4
32.5
184.9
193.7
27.1
188.3
18.5
97.5
18.5
61.2
143.3
130.8
52
100.3
76.1
11.9
37.3
183.7
279.4
81.8
90.9
85.8
101.3
0
289.3
80.3
244.3
212.2
99.3
277.1
113.5
139.6
71.1
138
206.5
193.9
55.6
195.3
82.1
90.4
58.2
202.2
297.9
58.8
117.2
87.1
251.1
289.9
0
279
99.9
76
225.1
179.9
244.2
336.7
265
288.7
120.9
129.2
261.3
181.9
213.8
243.9
249
92.5
105.3
268.1
174.9
242.8
32.3
80.5
278.2
0
212.7
215.4
54.9
214.3
44.5
78.8
13
69
171.2
158.6
31.2
126.3
85.2
41.3
44.9
205.3
301
72.4
120.4
90.2
184.6
244
98.6
212.4
0
113.5
158.6
77.3
177.7
270.1
198.4
187
42.5
61.6
215.4
103.5
167.8
177.3
203.1
73.9
208.1
222.1
128.9
196.8
190.7
209.1
77.1
213.1
114
0
164.7
193.9
183.8
276.3
203.9
228.3
134.9
109.3
180.5
172.8
132.9
183.4
168.2
43.2
96.3
187.2
95.1
163
27.1
97.7
224.8
55
159.3
168.1
0
175.9
32.7
125.2
40.9
77.2
117.7
105.2
47.9
87.9
41.9
13.3
38.9
158.1
253.8
90.5
65.3
94.5
188.5
277
179.4
214.8
76.8
194.2
175.7
0
174.6
267
216.1
196.2
84.4
103.5
234.3
96.3
200.9
190.8
236.1
154.6
288.8
255.2
162.4
230.3
17
113.8
243.7
45
178.2
187.1
26.4
174.4
0
97.2
46.2
48.1
136.7
124.1
64.4
86.4
87.3
23.3
59.4
177
272.7
105.6
84.3
123.5
97.2
139.3
336.1
78.8
256.9
279.5
118.8
266.7
97
0
97.4
121.6
229.1
216.5
115.6
178.7
169.7
106.3
129.3
269.4
365.1
156.8
176.7
174.7
18.4
71
264.3
13.4
198.8
205.8
41.1
216.4
46.7
98
0
71.1
157.3
144.7
21.6
128.4
75.7
24.3
35.4
195.8
291.5
62.8
110.8
80.7
61.3
138.2
288.1
69.4
185.6
231.4
70.7
195.4
48.2
121.8
70.7
0
156.9
168.5
88.8
107.4
131.6
67.6
102.6
221.3
317.1
130
128.6
147.9
143.5
206.4
120.8
171.3
43.2
135.6
117.5
84.5
136.6
229
157.3
157
0
20.5
177.7
57.1
130.2
136.2
165.5
96
230.2
184.5
91.8
159.7
131.2
194.1
128.6
159
62.3
109.5
105.2
103.6
124.2
216.7
145
168.7
20.7
0
165.4
55.5
117.9
123.9
153.2
64.4
204.1
172.2
79.5
147.4
52.3
55.5
260.4
31.4
215.4
183.3
49.5
234.3
64.6
115.9
22.2
89
177.5
165
0
146.3
53.2
36.2
14.4
173.2
269
58.9
88.3
62.9
100.4
195.5
178.7
126.7
101.1
174.5
87.6
93.4
86.5
178.9
128
108.1
59.5
52.9
146.2
0
109.7
102.7
138.9
111.4
260.2
184.4
91.6
159.5
76.6
82.3
212.9
86.3
167.9
135.8
41.5
200.6
86.7
170.8
77.1
131.2
130
117.5
53.6
102.9
0
48.1
41.4
125.7
221.4
60.4
40.8
40.3
13.3
90.2
243.3
41.1
177.8
186.6
13.6
182.4
23.1
106.1
24.2
67.6
136.2
123.7
36.1
94.3
49
0
38.5
176.6
272.3
83
83.8
87
36.9
58.2
248.1
44.6
203.1
171
37.8
235.8
59.1
129.1
35.4
102.3
165.2
152.7
14
131.6
40.9
38.4
0
160.9
256.7
46.6
76
50.6
182.6
201
88
204.9
74.4
43.3
156.6
154.3
175.7
268.2
195.8
220.2
95.3
64.1
172.3
113.1
124.8
175.3
160.1
0
137.9
179.1
87
154.9
279.6
298
106.1
302
209
96.4
253.6
288.9
272.7
365.2
292.8
317.2
229.9
204.3
269.4
261.7
221.8
272.4
257.1
138.1
0
276.2
184
251.9
81.6
58.6
267.3
72.1
222.3
190.2
84.2
255
105.3
156.6
62.9
129.7
184.4
171.9
58.6
184.1
60
83.1
46.4
180.1
275.8
0
95.2
30.3
106.4
117.3
174.6
121.3
129.6
98
80.4
162.3
99.5
191.9
112.1
144
91.7
79.1
88.6
91.4
41.1
99.1
76.4
87.9
183.7
95.4
0
71.2
86.2
86.8
242.7
90.8
197.7
166.1
88.8
230.3
124
175.3
81.6
148.5
159.7
147.2
63.3
159.5
39.1
87.7
51
156
251.7
30.7
71.1
0

0
201.4
139
72.5
148.9
167.7
151.8
49
142
119
35.2
107
56
75.7
56.5
121.3
132.3
58.8
67.4
141.7
137.4
258.8
134.1
240.5
201.4
0
178.8
173.7
42.7
179
260.1
230.6
75.7
155
180.4
151.4
151.8
110.3
138.7
85
185
129.7
203.7
126.8
173.3
79.2
101.5
72
138.2
178.2
0
185.3
141.7
49.7
109
113.8
109.6
231.7
107.7
36.4
78.1
145.9
107.9
175.4
6.4
156.6
86.8
92.1
243.5
235.6
191.3
240.8
73
169.3
185.8
0
132.9
194.7
198.6
142.9
124.8
52.4
97.5
155.7
103.6
64.6
89.2
91
179.1
42.8
129.7
141.8
70.8
241.6
78.4
184.8
148.8
42.8
142.8
149.4
0
143
224.2
194.7
39.7
125.8
127.7
115.4
115.8
76.6
102.7
45.5
149
96
167.7
90.8
144.1
106.7
67.4
105.4
166.2
179.4
50
194.8
142.9
0
152.6
157.4
78.8
226.4
151.3
45.7
112.8
147.1
109.1
176.6
56.2
157.8
130.4
46
244.7
152.8
192.5
242
151.1
260.4
109.2
198.2
223.8
152.2
0
126.8
195.3
244.6
120.6
131
112.5
183.4
126.5
237.1
102.5
180.5
99.9
195.2
263
317.8
253.1
323
48
230.5
114.1
142.2
194
157.1
127.1
0
165.5
188.7
46.6
116.6
82.7
134.5
80.9
184.5
107.4
124.5
32.9
165.4
207.1
288
200.4
293.1
139.3
76.1
110.2
123.2
39.6
78.7
195.1
165.6
0
156.9
118.2
82.8
86.7
75.5
73.6
82.6
116.3
86.3
138.6
33.7
175.2
133.5
98.6
138.7
120.8
156.4
227.3
54.2
127.4
227.4
246.5
190.8
140.3
0
145.3
188.5
151.5
83.5
137.1
88.9
226.9
90.6
177.5
174.6
43.4
226.4
65.5
171.9
34.6
180.3
108.1
96.7
127.8
151.1
120.9
46.5
121
143.2
0
79.7
34.9
89
35.4
139
101.4
79.1
33.2
120.7
161.6
237.8
155
242.9
107.1
151.4
36.3
155.4
114.8
45
131.2
116.5
82.8
198.4
79.7
0
52.2
119
55.9
148.5
34.7
118.5
89.5
60.4
216.7
208.8
164.5
213.9
55.9
151.7
94.2
105
115.2
114.4
112.5
83
86.7
151.4
34.8
51.8
0
74.8
15.1
128.4
87.5
85.4
56
89.5
169.8
209.1
144.4
214.3
77.6
110.2
146.6
64.4
75.7
146.8
183.4
134.5
74.3
82
89.1
107.9
75.1
0
61.9
46.4
152.8
20
126.9
94
100.3
180.2
62.3
154.8
56.3
138.3
110.4
89
101.8
110.6
135.3
80.7
73.3
135.5
35.2
55.7
15.6
61.4
0
115.1
115.8
72
67.4
84.6
153.9
195.7
131
200.9
123.9
85.2
176.4
91.4
45
176.5
237.3
179
85.5
86.4
139.3
148.9
128.9
46.9
115.8
0
182.5
66.3
180.8
123.2
104.7
155.2
28.1
115.2
131.4
184.4
6.4
178.5
147.9
55.9
102.2
107
115.8
224.9
100.9
34.7
87.3
152.1
106.8
181.6
0
162.9
80
98.4
243.4
241.8
197.5
247
58.7
127.6
157.2
42.3
95.6
157.4
180.3
124.6
87.5
88.8
79.1
118.4
85.6
18.2
72.4
63.8
163.3
0
111.3
104.5
107.2
204.3
79.7
172.3
66.8
203.6
87.1
128.4
167.1
130.2
100.2
32.2
138.6
174.9
32.9
89.7
55.7
126.7
67.1
180.4
80.4
110.7
0
138.4
193.3
261.1
196.3
266.2
141.5
127
92.5
141.9
90.5
45.8
194.3
164.8
33.7
173.5
120.4
60.3
89.1
94.2
84.4
123.7
98.7
104.9
137.8
0
191.8
117.2
139.6
189.6
138.1
173.6
244.5
71.5
144.6
244.6
263.8
208.1
179.1
41.4
162.6
205.7
168.8
100.7
154.4
106.1
244.3
107.9
194.8
191.8
0
243.6
82.7
182.9
259.8
80.6
237.2
243.7
107.5
144.1
318.5
289
134.1
226
238.7
209.8
210.2
181.3
197
156
243.3
206.8
262
113.4
244.3
0
172.5
136.9
133
101.7
189.3
92.4
63.9
189.5
250.2
192
98.4
63.1
152.3
161.9
141.9
59.8
128.7
25.5
195.4
79.3
193.7
136.2
81.4
171.7
0
131.9
240.5
44.1
241.8
189.3
105.6
242
323.1
293.6
138.7
170.6
243.3
214.4
214.8
154.9
201.7
115.1
247.9
174.3
266.6
189.7
183.9
135.9
131.7
0